INTERPOLATION:INTERPOLATED
1,68,1,84,255,1
2,68,2,86,255,2
4,69,4,87,255,4
5,69,5,89,255,5
7,70,7,90,255,7
8,70,8,92,255,8
10,70,10,93,255,10
11,70,11,94,255,11
12,71,13,96,255,12
14,71,14,97,255,14
15,71,16,99,255,15
17,71,17,100,255,17
18,71,19,101,255,18
20,72,20,103,255,20
21,72,22,104,255,21
22,72,23,105,255,22
24,72,24,106,255,24
25,72,26,108,255,25
27,72,27,109,255,27
28,72,28,110,255,28
30,72,29,111,255,30
31,72,31,112,255,31
33,72,32,113,255,33
34,72,33,115,255,34
35,72,35,116,255,35
37,72,36,117,255,37
38,72,37,118,255,38
40,72,38,119,255,40
41,72,40,120,255,41
43,72,41,121,255,43
44,71,42,122,255,44
45,71,44,122,255,45
47,71,45,123,255,47
48,71,46,124,255,48
50,71,47,125,255,50
51,70,48,126,255,51
53,70,50,126,255,53
54,70,51,127,255,54
55,70,52,128,255,55
57,69,53,129,255,57
58,69,55,129,255,58
60,69,56,130,255,60
61,68,57,131,255,61
63,68,58,131,255,63
64,68,59,132,255,64
65,67,61,132,255,65
67,67,62,133,255,67
68,66,63,133,255,68
70,66,64,134,255,70
71,66,65,134,255,71
73,65,66,135,255,73
74,65,68,135,255,74
76,64,69,136,255,76
77,64,70,136,255,77
78,63,71,136,255,78
80,63,72,137,255,80
81,62,73,137,255,81
83,62,74,137,255,83
84,62,76,138,255,84
86,61,77,138,255,86
87,61,78,138,255,87
88,60,79,138,255,88
90,60,80,139,255,90
91,59,81,139,255,91
93,59,82,139,255,93
94,58,83,139,255,94
96,58,84,140,255,96
97,57,85,140,255,97
98,57,87,140,255,98
100,56,88,140,255,100
101,56,89,140,255,101
103,55,90,140,255,103
104,55,91,141,255,104
106,54,92,141,255,106
107,54,93,141,255,107
108,53,94,141,255,108
110,53,95,141,255,110
111,52,96,141,255,111
113,52,97,141,255,113
114,51,98,141,255,114
116,51,99,141,255,116
117,50,100,142,255,117
119,50,101,142,255,119
120,49,102,142,255,120
121,49,103,142,255,121
123,49,104,142,255,123
124,48,105,142,255,124
126,48,106,142,255,126
127,47,107,142,255,127
129,47,108,142,255,129
130,46,109,142,255,130
131,46,110,142,255,131
133,46,111,142,255,133
134,45,112,142,255,134
136,45,113,142,255,136
137,44,113,142,255,137
139,44,114,142,255,139
140,44,115,142,255,140
141,43,116,142,255,141
143,43,117,142,255,143
144,42,118,142,255,144
146,42,119,142,255,146
147,42,120,142,255,147
149,41,121,142,255,149
150,41,122,142,255,150
151,41,123,142,255,151
153,40,124,142,255,153
154,40,125,142,255,154
156,39,126,142,255,156
157,39,127,142,255,157
159,39,128,142,255,159
160,38,130,142,255,160
162,38,130,142,255,162
163,38,130,142,255,163
164,37,131,142,255,164
166,37,132,142,255,166
167,37,133,142,255,167
169,36,134,142,255,169
170,36,135,142,255,170
172,35,136,142,255,172
173,35,137,142,255,173
174,35,138,141,255,174
176,34,139,141,255,176
177,34,140,141,255,177
179,34,141,141,255,179
180,33,142,141,255,180
182,33,144,141,255,182
183,33,144,140,255,183
184,33,146,140,255,184
186,32,146,140,255,186
187,32,146,140,255,187
189,31,148,140,255,189
190,31,149,139,255,190
192,31,150,139,255,192
193,31,151,139,255,193
194,31,152,139,255,194
196,31,153,138,255,196
197,31,154,138,255,197
199,30,155,138,255,199
200,30,156,137,255,200
202,30,157,137,255,202
203,31,158,137,255,203
204,31,159,136,255,204
206,31,160,136,255,206
207,31,161,136,255,207
209,31,161,135,255,209
210,31,161,135,255,210
212,32,163,134,255,212
213,32,164,134,255,213
215,33,165,133,255,215
216,33,166,133,255,216
217,34,167,133,255,217
219,34,168,132,255,219
220,35,169,131,255,220
222,36,170,131,255,222
223,37,171,130,255,223
225,37,172,130,255,225
226,38,173,129,255,226
227,39,173,129,255,227
229,40,174,128,255,229
230,41,175,127,255,230
232,42,176,127,255,232
233,43,177,126,255,233
235,45,178,125,255,235
236,46,179,124,255,236
237,47,180,124,255,237
239,48,181,123,255,239
240,50,182,122,255,240
242,51,182,121,255,242
243,53,183,121,255,243
245,54,184,120,255,245
246,56,185,119,255,246
247,57,186,118,255,247
249,59,187,117,255,249
250,60,188,116,255,250
252,63,188,115,255,252
253,64,189,114,255,253
255,65,190,113,255,255
256,67,191,112,255,256
258,69,192,111,255,258
259,71,193,110,255,259
260,73,193,109,255,260
262,75,194,108,255,262
263,77,195,107,255,263
265,79,196,106,255,265
266,81,197,105,255,266
268,83,197,104,255,268
269,85,198,103,255,269
270,87,199,101,255,270
272,89,200,100,255,272
273,91,200,99,255,273
275,94,201,98,255,275
276,95,202,96,255,276
278,98,203,95,255,278
279,101,203,94,255,279
280,103,204,92,255,280
282,104,205,91,255,282
283,107,205,90,255,283
285,110,206,88,255,285
286,111,207,87,255,286
288,114,208,86,255,288
289,117,208,84,255,289
290,118,209,83,255,290
292,121,209,81,255,292
293,124,210,80,255,293
295,126,211,78,255,295
296,129,211,77,255,296
298,131,212,75,255,298
299,134,213,73,255,299
301,137,213,72,255,301
302,139,214,70,255,302
303,142,214,69,255,303
305,144,215,67,255,305
306,147,215,65,255,306
308,149,216,64,255,308
309,151,216,62,255,309
311,155,217,60,255,311
312,157,217,59,255,312
313,160,218,57,255,313
315,162,218,55,255,315
316,165,219,54,255,316
318,168,219,52,255,318
319,170,220,50,255,319
321,173,220,48,255,321
322,176,221,47,255,322
323,178,221,45,255,323
325,181,222,43,255,325
326,184,222,41,255,326
328,186,222,40,255,328
329,189,223,38,255,329
331,192,223,37,255,331
332,194,223,35,255,332
333,197,224,33,255,333
335,200,224,32,255,335
336,202,225,31,255,336
338,205,225,29,255,338
339,208,225,28,255,339
341,210,226,27,255,341
342,213,226,26,255,342
344,216,226,25,255,344
345,218,227,25,255,345
346,221,227,24,255,346
348,223,227,24,255,348
349,226,228,24,255,349
351,229,228,25,255,351
352,231,228,25,255,352
354,234,229,26,255,354
355,236,229,27,255,355
356,239,229,28,255,356
358,241,229,29,255,358
359,244,230,30,255,359
361,246,230,32,255,361
362,248,230,33,255,362
364,251,231,35,255,364
365,253,231,37,255,365
